468026408
1392220847
1909973231
781222553
2047335332
1033823389
550324497
1662258210
1678220120
2127709378
429326683
208047702
450575943
1122100997
96229810
950141707
1836685033
27757564
1693453327
880816039
1214672501
842126390
171850411
1884394501
957573810
1272195141
656328972
2064599741
655459690
600912073
265897514
1123486098
1993132920
28387097
1904708651
1892984604
1062210486
307549500
1407759167
592946958
287775230
1837085850
800994660
738351173
811703200
897224470
1688492881
500904585
924982034
1234462560
1381720624
2139654535
2076588950
1553571035
1876565389
886679112
678282528
385410713
803795206
1333742218
